colorlist <- list(
  blackwhite = c("azure1" = "#f0FFFF",
                 "azure3" = "#C1CDCD",
                 "azure4" = "#838B8B",
                 "black" = "#000000",
                 "gray28" = "#474747",
                 "gray88" = "#E0E0E0",
                 "gray40" = "#666666",
                 "gray39" = "#636363",
                 "gray" = "#BEBEBE")
)
